zq32
@ 1 0 0
@ 1 1 7025
@ 1 2 6002
@ 1 3 4086
@ 1 4 2438
@ 1 5 1703
@ 1 6 1154
@ 1 7 912
@ 1 8 712
@ 1 9 512
@ 1 10 470
@ 1 11 426
@ 1 12 333
@ 1 13 297
@ 1 14 254
@ 1 15 235
@ 1 16 192
@ 1 17 176
@ 1 18 146
@ 1 19 134
@ 1 20 133
@ 1 21 116
@ 1 22 105
@ 1 23 101
@ 1 24 83
@ 1 25 73
@ 1 26 62
@ 1 27 64
@ 1 28 64
@ 1 29 71
@ 1 30 51
@ 1 31 58
@ 1 32 37
@ 1 33 36
@ 1 34 32
@ 1 35 48
@ 1 36 35
@ 1 37 29
@ 1 38 31
@ 1 39 33
@ 1 40 31
@ 1 41 29
@ 1 42 27
@ 1 43 35
@ 1 44 23
@ 1 45 25
@ 1 46 22
@ 1 47 18
@ 1 48 15
@ 1 49 24
@ 1 50 15
@ 1 51 13
@ 1 52 7
@ 1 53 10
@ 1 54 15
@ 1 55 21
@ 1 56 15
@ 1 57 10
@ 1 58 12
@ 1 59 15
@ 1 60 14
@ 1 61 14
@ 1 62 12
@ 1 63 10
@ 1 64 7
@ 1 65 9
@ 1 66 8
@ 1 67 9
@ 1 68 2
@ 1 69 14
@ 1 70 7
@ 1 71 13
@ 1 72 7
@ 1 73 11
@ 1 74 1
@ 1 75 8
@ 1 76 6
@ 1 77 8
@ 1 78 3
@ 1 79 8
@ 1 80 6
@ 1 81 5
@ 1 82 7
@ 1 83 3
@ 1 84 6
@ 1 85 3
@ 1 86 3
@ 1 87 6
@ 1 88 4
@ 1 89 5
@ 1 90 5
@ 1 91 3
@ 1 92 2
@ 1 93 4
@ 1 94 0
@ 1 95 4
@ 1 96 2
@ 1 97 1
@ 1 98 2
@ 1 99 6
@ 1 100 6
@ 1 101 3
@ 1 102 1
@ 1 103 1
@ 1 104 3
@ 1 105 2
@ 1 106 1
@ 1 107 1
@ 1 108 1
@ 1 109 1
@ 1 110 2
@ 1 111 2
@ 1 112 2
@ 1 113 2
@ 1 114 3
@ 1 115 4
@ 1 116 2
@ 1 117 2
@ 1 118 4
@ 1 119 0
@ 1 120 1
@ 1 121 1
@ 1 122 0
@ 1 123 2
@ 1 124 1
@ 1 125 0
@ 1 126 0
@ 1 127 3
@ 1 128 0
@ 1 129 2
@ 1 130 5
@ 1 131 0
@ 1 132 2
@ 1 133 1
@ 1 134 2
@ 1 135 1
@ 1 136 1
@ 1 137 2
@ 1 138 1
@ 1 139 0
@ 1 140 1
@ 1 141 1
@ 1 142 2
@ 1 143 1
@ 1 144 0
@ 1 145 1
@ 1 146 2
@ 1 147 4
@ 1 148 0
@ 1 149 1
@ 1 150 0
@ 1 151 1
@ 1 152 1
@ 1 153 0
@ 1 154 0
@ 1 155 2
@ 1 156 1
@ 1 157 0
@ 1 158 0
@ 1 159 0
@ 1 160 1
@ 1 161 0
@ 1 162 0
@ 1 163 1
@ 1 164 0
@ 1 165 0
@ 1 166 0
@ 1 167 1
@ 1 168 0
@ 1 169 0
@ 1 170 0
@ 1 171 0
@ 1 172 0
@ 1 173 0
@ 1 174 1
@ 1 175 0
@ 1 176 1
@ 1 177 2
@ 1 178 0
@ 1 179 0
@ 1 180 0
@ 1 181 2
@ 1 182 0
@ 1 183 0
@ 1 184 0
@ 1 185 1
@ 1 186 1
@ 1 187 0
@ 1 188 0
@ 1 189 0
@ 1 190 0
@ 1 191 0
@ 1 192 0
@ 1 193 0
@ 1 194 0
@ 1 195 0
@ 1 196 0
@ 1 197 2
@ 1 198 1
@ 1 199 0
@ 1 200 0
@ 1 201 0
@ 1 202 0
@ 1 203 0
@ 1 204 1
@ 1 205 0
@ 1 206 0
@ 1 207 1
@ 1 208 1
@ 1 209 0
@ 1 210 0
@ 1 211 0
@ 1 212 0
@ 1 213 0
@ 1 214 0
@ 1 215 0
@ 1 216 0
@ 1 217 0
@ 1 218 0
@ 1 219 0
@ 1 220 1
@ 1 221 0
@ 1 222 0
@ 1 223 1
@ 1 224 0
@ 1 225 0
@ 1 226 0
@ 1 227 0
@ 1 228 0
@ 1 229 0
@ 1 230 0
@ 1 231 0
@ 1 232 0
@ 1 233 0
@ 1 234 0
@ 1 235 0
@ 1 236 0
@ 1 237 1
@ 1 238 0
@ 1 239 0
@ 1 240 0
@ 1 241 0
@ 1 242 0
@ 1 243 0
@ 1 244 0
@ 1 245 1
@ 1 246 0
@ 1 247 0
@ 1 248 0
@ 1 249 0
@ 1 250 0
@ 1 251 0
@ 1 252 0
@ 1 253 0
@ 1 254 1
@ 1 255 1
@ 1 256 0
@ 1 257 0
@ 1 258 0
@ 1 259 0
@ 1 260 0
@ 1 261 0
@ 1 262 0
@ 1 263 1
@ 1 264 0
@ 1 265 0
@ 1 266 0
@ 1 267 0
@ 1 268 0
@ 1 269 0
@ 1 270 0
@ 1 271 0
@ 1 272 0
@ 1 273 0
@ 1 274 0
@ 1 275 0
@ 1 276 0
@ 1 277 0
@ 1 278 0
@ 1 279 0
@ 1 280 0
@ 1 281 0
@ 1 282 0
@ 1 283 0
@ 1 284 0
@ 1 285 0
@ 1 286 0
@ 1 287 0
@ 1 288 1
@ 1 289 0
@ 1 290 0
@ 1 291 0
@ 1 292 0
@ 1 293 0
@ 1 294 0
@ 1 295 0
@ 1 296 1
@ 1 297 0
@ 1 298 0
@ 1 299 0
@ 1 300 0
@ 1 301 0
@ 1 302 0
@ 1 303 0
@ 1 304 0
@ 1 305 0
@ 1 306 0
@ 1 307 0
@ 1 308 0
@ 1 309 0
@ 1 310 0
@ 1 311 0
@ 1 312 1
@ 1 313 0
@ 1 314 0
@ 1 315 0
@ 1 316 0
@ 1 317 0
@ 1 318 0
@ 1 319 0
@ 1 320 1
@ 1 321 0
@ 1 322 0
@ 1 323 0
@ 1 324 0
@ 1 325 0
@ 1 326 0
@ 1 327 0
@ 1 328 0
@ 1 329 0
@ 1 330 0
@ 1 331 0
@ 1 332 0
@ 1 333 0
@ 1 334 0
@ 1 335 0
@ 1 336 0
@ 1 337 0
@ 1 338 0
@ 1 339 0
@ 1 340 0
@ 1 341 0
@ 1 342 0
@ 1 343 0
@ 1 344 0
@ 1 345 0
@ 1 346 0
@ 1 347 0
@ 1 348 0
@ 1 349 0
@ 1 350 1
@ 1 351 0
@ 1 352 0
@ 1 353 0
@ 1 354 1
@ 1 355 0
@ 1 356 0
@ 1 357 0
@ 1 358 0
@ 1 359 0
@ 1 360 0
@ 1 361 1
@ 1 362 0
@ 1 363 0
@ 1 364 0
@ 1 365 0
@ 1 366 0
@ 1 367 0
@ 1 368 0
@ 1 369 0
@ 1 370 0
@ 1 371 0
@ 1 372 0
@ 1 373 0
@ 1 374 0
@ 1 375 0
@ 1 376 0
@ 1 377 0
@ 1 378 0
@ 1 379 0
@ 1 380 0
@ 1 381 0
@ 1 382 0
@ 1 383 1
@ 1 384 0
@ 1 385 0
@ 1 386 0
@ 1 387 0
@ 1 388 0
@ 1 389 0
@ 1 390 0
@ 1 391 0
@ 1 392 0
@ 1 393 0
@ 1 394 0
@ 1 395 0
@ 1 396 0
@ 1 397 0
@ 1 398 0
@ 1 399 0
@ 1 400 0
@ 1 401 0
@ 1 402 0
@ 1 403 0
@ 1 404 0
@ 1 405 0
@ 1 406 0
@ 1 407 0
@ 1 408 0
@ 1 409 0
@ 1 410 0
@ 1 411 0
@ 1 412 0
@ 1 413 0
@ 1 414 0
@ 1 415 0
@ 1 416 0
@ 1 417 0
@ 1 418 0
@ 1 419 0
@ 1 420 0
@ 1 421 0
@ 1 422 0
@ 1 423 0
@ 1 424 0
@ 1 425 0
@ 1 426 0
@ 1 427 0
@ 1 428 0
@ 1 429 0
@ 1 430 0
@ 1 431 0
@ 1 432 0
@ 1 433 0
@ 1 434 0
@ 1 435 0
@ 1 436 0
@ 1 437 0
@ 1 438 0
@ 1 439 0
@ 1 440 0
@ 1 441 0
@ 1 442 0
@ 1 443 0
@ 1 444 0
@ 1 445 0
@ 1 446 0
@ 1 447 0
@ 1 448 0
@ 1 449 0
@ 1 450 0
@ 1 451 0
@ 1 452 0
@ 1 453 0
@ 1 454 0
@ 1 455 0
@ 1 456 0
@ 1 457 0
@ 1 458 0
@ 1 459 0
@ 1 460 0
@ 1 461 0
@ 1 462 0
@ 1 463 0
@ 1 464 0
@ 1 465 0
@ 1 466 0
@ 1 467 0
@ 1 468 0
@ 1 469 0
@ 1 470 0
@ 1 471 0
@ 1 472 0
@ 1 473 0
@ 1 474 0
@ 1 475 0
@ 1 476 0
@ 1 477 0
@ 1 478 0
@ 1 479 0
@ 1 480 0
@ 1 481 0
@ 1 482 0
@ 1 483 0
@ 1 484 0
@ 1 485 0
@ 1 486 0
@ 1 487 0
@ 1 488 0
@ 1 489 0
@ 1 490 0
@ 1 491 0
@ 1 492 0
@ 1 493 0
@ 1 494 0
@ 1 495 0
@ 1 496 0
@ 1 497 1
@ 1 498 0
@ 1 499 0
@ 1 500 0
@ 1 501 0
@ 1 502 0
@ 1 503 0
@ 1 504 0
@ 1 505 1
@ 1 506 0
@ 1 507 0
@ 1 508 0
@ 1 509 0
@ 1 510 0
@ 1 511 0
@ 1 512 0
@ 1 513 0
@ 1 514 0
@ 1 515 0
@ 1 516 0
@ 1 517 0
@ 1 518 0
@ 1 519 0
@ 1 520 0
@ 1 521 0
@ 1 522 0
@ 1 523 0
@ 1 524 0
@ 1 525 0
@ 1 526 0
@ 1 527 0
@ 1 528 0
@ 1 529 0
@ 1 530 0
@ 1 531 0
@ 1 532 0
@ 1 533 0
@ 1 534 0
@ 1 535 0
@ 1 536 0
@ 1 537 0
@ 1 538 0
@ 1 539 0
@ 1 540 0
@ 1 541 0
@ 1 542 0
@ 1 543 0
@ 1 544 0
@ 1 545 0
@ 1 546 0
@ 1 547 0
@ 1 548 0
@ 1 549 1
@ 1 550 0
@ 1 551 0
@ 1 552 0
@ 1 553 0
@ 1 554 0
@ 1 555 0
@ 1 556 0
@ 1 557 0
@ 1 558 0
@ 1 559 0
@ 1 560 0
@ 1 561 0
@ 1 562 0
@ 1 563 0
@ 1 564 0
@ 1 565 0
@ 1 566 0
@ 1 567 0
@ 1 568 0
@ 1 569 0
@ 1 570 0
@ 1 571 0
@ 1 572 0
@ 1 573 0
@ 1 574 0
@ 1 575 0
@ 1 576 0
@ 1 577 0
@ 1 578 0
@ 1 579 0
@ 1 580 0
@ 1 581 0
@ 1 582 0
@ 1 583 0
@ 1 584 0
@ 1 585 0
@ 1 586 0
@ 1 587 0
@ 1 588 0
@ 1 589 0
@ 1 590 0
@ 1 591 0
@ 1 592 0
@ 1 593 0
@ 1 594 0
@ 1 595 0
@ 1 596 0
@ 1 597 0
@ 1 598 0
@ 1 599 0
@ 1 600 0
@ 1 601 0
@ 1 602 0
@ 1 603 0
@ 1 604 0
@ 1 605 0
@ 1 606 0
@ 1 607 0
@ 1 608 0
@ 1 609 0
@ 1 610 0
@ 1 611 0
@ 1 612 0
@ 1 613 0
@ 1 614 0
@ 1 615 0
@ 1 616 0
@ 1 617 0
@ 1 618 0
@ 1 619 0
@ 1 620 0
@ 1 621 0
@ 1 622 0
@ 1 623 0
@ 1 624 0
@ 1 625 0
@ 1 626 0
@ 1 627 0
@ 1 628 0
@ 1 629 0
@ 1 630 0
@ 1 631 0
@ 1 632 0
@ 1 633 0
@ 1 634 0
@ 1 635 0
@ 1 636 0
@ 1 637 0
@ 1 638 0
@ 1 639 0
@ 1 640 0
@ 1 641 1
@ 1 642 0
@ 1 643 0
@ 1 644 0
@ 1 645 0
@ 1 646 0
@ 1 647 0
@ 1 648 0
@ 1 649 0
@ 1 650 0
@ 1 651 0
@ 1 652 0
@ 1 653 0
@ 1 654 0
@ 1 655 1
